    surveygizmo_id
47
47
53
54
54
56
60
60
63
183
183
183
363
363
363
363
363
365
365
365
366
366
368
368
369
369
370
370
371
371
372
372
373
373
374
374
378
378
378
245
245
772
772
247
247
247
248
248
249
249
249
250
250
250
251
251
251
251
278
278
278
278
257
257
257
258
258
258
767
767
259
259
259
687
292
292
294
294
296
296
479
479
479
480
480
480
346
346
346
709
709
347
347
348
350
350
350
350
350
350
350
351
351
351
261
761
761
761
762
763
763
358
358
359
360
360
361
361
801
801
288
288
288
288
288
288
288
290
352
354
354
354
354
635
636
636
640
640
640
640
641
641
643
643
644
644
645
645
646
646
647
647
648
648
649
649
650
650
653
653
653
774
774
776
776
659
659
663
663
664
664
665
665
689
667
667
668
668
668
670
670
712
712
671
671
671
671
671
672
672
672
